Calculating lagrangian!
Calculating lagrangian!
1: 1170156539693043186143473150377416143188573441234 510450939508955063343198746720760613482770557273 951050697821947854860486085995522406173161985656 291345097637859732060211682338866876467359101695 
2: 1170156539693043186143473150377416143188573441234 510450939508955063343198746720760613482770557273 951050697821947854860486085995522406173161985656 291345097637859732060211682338866876467359101695 


Calculating lagrangian!
Calculating lagrangian!
1: 970360622788025548868780097966502353296189202152 729569140497461165355492165410960254825692928817 35450345039708812390507528415437650068200279425 764311518216629607857036773879342568314660380904 609496084506094031702445440479796916684884820324 943853478217403796892020075198243455934348780123 1421212331287218323100273127163708882204272519355 525344781390507949841618376872551511356747691357 473052228274054363629209246080055602395767576395 786807546972775880903664030835031056161648266167 1170006650132815924834212437436457378720786170476 421430262344192384947027120932466050009176108600 679876635784036593060195050641863157721653785715 697660948398337812919792512870839449358539095762 1366166672913735002513043811427563938457406782062 688449991795366914018324488762328592996962728831 1126397252916488823380147364330406711902588808335 285246225725430225860787779314732512429937662131 926622156372173801455501909137634991455632984712 1210516720064492211587992932309571853295414789649 527068326259462483892952990854093449357087281888 432463476538619021079348041048767237577809754481 1073795762896387312114966076095692502147896410126 1102219154967931698473296753792043970452388564340 690655733518946341090088194356402079543605678010 731631479189042917031091271612064545862582648060 1347859058349706828901364507540367814403699672033 39055073691853973673105248730535783130232792426 578933826515992854055665697705613557480116984738 449938611939727586780830975705964794330574325796 884133675439799964423886136448835037726257759218 577367961891102953779798696267447981929674783711 1011563025391175331422853857010318225325358217133 882567810814910064148019135010669462175815558191 1422446563639048944530579583985747236525699750503 113642578981196089302320325175915205252232870896 729870158141860001172593561104218473793349894869 770845903811956577113596638359880940112326864919 359282482362971219730388078924239049203543978589 387705874434515606088718756620590517508036132803 1029038160792283897124336791667515782078122788448 934433311071440434310731841862189570298845261041 250984917266410706615691900406711166360517753280 534879480958729116748182923578648028200299558217 1176255411605472692342897053401550507225994880798 335104384414414094823537468385876307753343734594 773051645535536004185360343953954426658969814098 95334964417167915690641021288719081198525760867 763840688932565105283892319845443570297393447167 781625001546866325143489782074419861934278757214 1040071374986710533256657711783816969646756434329 291494987198086993369472395279825640935146372453 674694090358127037300020801881251963494284276762 988449409056848554574475586636227417260164966534 936156855940394968362066455843731508299184851572 40289306043684595103411705552574137451660023574 517648159113499121311664757518039563721583762806 852005552824808886501239392236486102971047722605 697190119114273310346648058836940451341272162025 1426051292291194105813177304300845369587732263504 731932496833441752848192667305322764830239614112 491141014542877369334904734749780666359743340777 

Calculating lagrangian!
2: 970360622788025548868780097966502353296189202152 729569140497461165355492165410960254825692928817 35450345039708812390507528415437650068200279425 764311518216629607857036773879342568314660380904 609496084506094031702445440479796916684884820324 943853478217403796892020075198243455934348780123 1421212331287218323100273127163708882204272519355 525344781390507949841618376872551511356747691357 473052228274054363629209246080055602395767576395 786807546972775880903664030835031056161648266167 1170006650132815924834212437436457378720786170476 421430262344192384947027120932466050009176108600 679876635784036593060195050641863157721653785715 697660948398337812919792512870839449358539095762 1366166672913735002513043811427563938457406782062 688449991795366914018324488762328592996962728831 1126397252916488823380147364330406711902588808335 285246225725430225860787779314732512429937662131 926622156372173801455501909137634991455632984712 1210516720064492211587992932309571853295414789649 527068326259462483892952990854093449357087281888 432463476538619021079348041048767237577809754481 1073795762896387312114966076095692502147896410126 1102219154967931698473296753792043970452388564340 690655733518946341090088194356402079543605678010 731631479189042917031091271612064545862582648060 1347859058349706828901364507540367814403699672033 39055073691853973673105248730535783130232792426 578933826515992854055665697705613557480116984738 449938611939727586780830975705964794330574325796 884133675439799964423886136448835037726257759218 577367961891102953779798696267447981929674783711 1011563025391175331422853857010318225325358217133 882567810814910064148019135010669462175815558191 1422446563639048944530579583985747236525699750503 113642578981196089302320325175915205252232870896 729870158141860001172593561104218473793349894869 770845903811956577113596638359880940112326864919 359282482362971219730388078924239049203543978589 387705874434515606088718756620590517508036132803 1029038160792283897124336791667515782078122788448 934433311071440434310731841862189570298845261041 250984917266410706615691900406711166360517753280 534879480958729116748182923578648028200299558217 1176255411605472692342897053401550507225994880798 335104384414414094823537468385876307753343734594 773051645535536004185360343953954426658969814098 95334964417167915690641021288719081198525760867 763840688932565105283892319845443570297393447167 781625001546866325143489782074419861934278757214 1040071374986710533256657711783816969646756434329 291494987198086993369472395279825640935146372453 674694090358127037300020801881251963494284276762 988449409056848554574475586636227417260164966534 936156855940394968362066455843731508299184851572 40289306043684595103411705552574137451660023574 517648159113499121311664757518039563721583762806 852005552824808886501239392236486102971047722605 697190119114273310346648058836940451341272162025 1426051292291194105813177304300845369587732263504 731932496833441752848192667305322764830239614112 491141014542877369334904734749780666359743340777 

Calculating lagrangian!
1: 970360622788025548868780097966502353296189202152 729569140497461165355492165410960254825692928817 35450345039708812390507528415437650068200279425 764311518216629607857036773879342568314660380904 609496084506094031702445440479796916684884820324 943853478217403796892020075198243455934348780123 1421212331287218323100273127163708882204272519355 525344781390507949841618376872551511356747691357 473052228274054363629209246080055602395767576395 786807546972775880903664030835031056161648266167 1170006650132815924834212437436457378720786170476 421430262344192384947027120932466050009176108600 679876635784036593060195050641863157721653785715 697660948398337812919792512870839449358539095762 1366166672913735002513043811427563938457406782062 688449991795366914018324488762328592996962728831 1126397252916488823380147364330406711902588808335 285246225725430225860787779314732512429937662131 926622156372173801455501909137634991455632984712 1210516720064492211587992932309571853295414789649 527068326259462483892952990854093449357087281888 432463476538619021079348041048767237577809754481 1073795762896387312114966076095692502147896410126 1102219154967931698473296753792043970452388564340 690655733518946341090088194356402079543605678010 731631479189042917031091271612064545862582648060 1347859058349706828901364507540367814403699672033 39055073691853973673105248730535783130232792426 578933826515992854055665697705613557480116984738 449938611939727586780830975705964794330574325796 884133675439799964423886136448835037726257759218 577367961891102953779798696267447981929674783711 1011563025391175331422853857010318225325358217133 882567810814910064148019135010669462175815558191 1422446563639048944530579583985747236525699750503 113642578981196089302320325175915205252232870896 729870158141860001172593561104218473793349894869 770845903811956577113596638359880940112326864919 359282482362971219730388078924239049203543978589 387705874434515606088718756620590517508036132803 1029038160792283897124336791667515782078122788448 934433311071440434310731841862189570298845261041 250984917266410706615691900406711166360517753280 534879480958729116748182923578648028200299558217 1176255411605472692342897053401550507225994880798 335104384414414094823537468385876307753343734594 773051645535536004185360343953954426658969814098 95334964417167915690641021288719081198525760867 763840688932565105283892319845443570297393447167 781625001546866325143489782074419861934278757214 1040071374986710533256657711783816969646756434329 291494987198086993369472395279825640935146372453 674694090358127037300020801881251963494284276762 988449409056848554574475586636227417260164966534 936156855940394968362066455843731508299184851572 40289306043684595103411705552574137451660023574 517648159113499121311664757518039563721583762806 852005552824808886501239392236486102971047722605 697190119114273310346648058836940451341272162025 1426051292291194105813177304300845369587732263504 731932496833441752848192667305322764830239614112 491141014542877369334904734749780666359743340777 

Calculating lagrangian!
2: 970360622788025548868780097966502353296189202152 729569140497461165355492165410960254825692928817 35450345039708812390507528415437650068200279425 764311518216629607857036773879342568314660380904 609496084506094031702445440479796916684884820324 943853478217403796892020075198243455934348780123 1421212331287218323100273127163708882204272519355 525344781390507949841618376872551511356747691357 473052228274054363629209246080055602395767576395 786807546972775880903664030835031056161648266167 1170006650132815924834212437436457378720786170476 421430262344192384947027120932466050009176108600 679876635784036593060195050641863157721653785715 697660948398337812919792512870839449358539095762 1366166672913735002513043811427563938457406782062 688449991795366914018324488762328592996962728831 1126397252916488823380147364330406711902588808335 285246225725430225860787779314732512429937662131 926622156372173801455501909137634991455632984712 1210516720064492211587992932309571853295414789649 527068326259462483892952990854093449357087281888 432463476538619021079348041048767237577809754481 1073795762896387312114966076095692502147896410126 1102219154967931698473296753792043970452388564340 690655733518946341090088194356402079543605678010 731631479189042917031091271612064545862582648060 1347859058349706828901364507540367814403699672033 39055073691853973673105248730535783130232792426 578933826515992854055665697705613557480116984738 449938611939727586780830975705964794330574325796 884133675439799964423886136448835037726257759218 577367961891102953779798696267447981929674783711 1011563025391175331422853857010318225325358217133 882567810814910064148019135010669462175815558191 1422446563639048944530579583985747236525699750503 113642578981196089302320325175915205252232870896 729870158141860001172593561104218473793349894869 770845903811956577113596638359880940112326864919 359282482362971219730388078924239049203543978589 387705874434515606088718756620590517508036132803 1029038160792283897124336791667515782078122788448 934433311071440434310731841862189570298845261041 250984917266410706615691900406711166360517753280 534879480958729116748182923578648028200299558217 1176255411605472692342897053401550507225994880798 335104384414414094823537468385876307753343734594 773051645535536004185360343953954426658969814098 95334964417167915690641021288719081198525760867 763840688932565105283892319845443570297393447167 781625001546866325143489782074419861934278757214 1040071374986710533256657711783816969646756434329 291494987198086993369472395279825640935146372453 674694090358127037300020801881251963494284276762 988449409056848554574475586636227417260164966534 936156855940394968362066455843731508299184851572 40289306043684595103411705552574137451660023574 517648159113499121311664757518039563721583762806 852005552824808886501239392236486102971047722605 697190119114273310346648058836940451341272162025 1426051292291194105813177304300845369587732263504 731932496833441752848192667305322764830239614112 491141014542877369334904734749780666359743340777 

Calculating lagrangian!
1: 1424333228956529578144417115569928232248790437171 880108090254617505530181347504068586994020119825 485180311394012774434390048983251176648094601076 1339512887858662626062319388165395892184225940577 368329604752701463916796835547023892419666492351 330515903377012064033588805237223732346919527631 1189517846014925468953029380855686312947575528354 1379581365098157562067517346455554314821802808437 573441905629217492953172403825100933838908141444 1204915852554358057275819770932406245431343996169 1385563237793342249010471333632934580812778152504 897340156801302467277732252934781757937355714931 496030899187064729740881402098128107905922864086 639766292313112761684599972728459688375721724537 1055695555638089664163422572178433729300268224777 1130766315219069574104365406728136612541045766906 992205966335500032297958277964439221344660328069 7904233930611286147875034270141954458282703205 304578432695305139445138208579922342974595879127 432447109930253289369687005507775782156956504380 510117995484345681590373420599176298910628233293 68997732927027732517757154175997498158947935965 665459766592530466031746250781977332417971691119 656508567491410240026315820291788562647182800394 1341655116399154463628948354040824095014582904225 830021293079124873146210233128880451089115755267 135970390728266340666632581780512897321383935775 1329301532900719522408806288525072124054626132531 796329407409194188109280199409963874197079331767 802794070595165708734626281576592072105512496230 1038835569766682754372336657834906344488329228178 167063561472059609587496154025410714922429488039 1294438075858843308616188678690872304733503054890 422666067564220163831348174881376675167603314751 658707566735737209469058551139690947550420046699 665172229921708730094404633306319145458853211162 132200104430183395794878544191210895601306410398 1325531246602636577537052250935770122334548607154 631480344251778045057474599587402568566816787662 119846520931748454574736478675458924641349638704 804993069839492678177369012424494457008749742535 796041870738372452171938581934305687237960851810 1392503904403875185685927678540285521496984606964 951383641846557236613311412117106720745304309636 1029054527400649628833997827208507237498976038549 1156923204635597778758546624136360676681336663802 1453597403400291632055809798446141065197649839724 469295670995402885905726554751843798311272214860 330735322111833344099319425988146407114886776023 405806081692813254040262260537849290355664318152 821735345017790156519084859987823331280210818392 965470738143838188462803430618154911750009678843 564161480529600450925952579781501261718576827998 75938399537560669193213499083348438843154390425 256585784776544860927865061783876774224588546760 888059731701685425250512428891182085817024401485 81920272232745356136167486260728704834129734492 271983791315977449250655451860596706708357014575 1130985733953890854170096027479059287309013015298 1093172032578201454286887997169259127236266050578 121988749472240292141365444550887127471706602352 976321325936890143769294783733031843007837941853 581393547076285412673503485212214432661912423104 37168408374373340059267717146354787407142105758 

Calculating lagrangian!
2: 1424333228956529578144417115569928232248790437171 880108090254617505530181347504068586994020119825 485180311394012774434390048983251176648094601076 1339512887858662626062319388165395892184225940577 368329604752701463916796835547023892419666492351 330515903377012064033588805237223732346919527631 1189517846014925468953029380855686312947575528354 1379581365098157562067517346455554314821802808437 573441905629217492953172403825100933838908141444 1204915852554358057275819770932406245431343996169 1385563237793342249010471333632934580812778152504 897340156801302467277732252934781757937355714931 496030899187064729740881402098128107905922864086 639766292313112761684599972728459688375721724537 1055695555638089664163422572178433729300268224777 1130766315219069574104365406728136612541045766906 992205966335500032297958277964439221344660328069 7904233930611286147875034270141954458282703205 304578432695305139445138208579922342974595879127 432447109930253289369687005507775782156956504380 510117995484345681590373420599176298910628233293 68997732927027732517757154175997498158947935965 665459766592530466031746250781977332417971691119 656508567491410240026315820291788562647182800394 1341655116399154463628948354040824095014582904225 830021293079124873146210233128880451089115755267 135970390728266340666632581780512897321383935775 1329301532900719522408806288525072124054626132531 796329407409194188109280199409963874197079331767 802794070595165708734626281576592072105512496230 1038835569766682754372336657834906344488329228178 167063561472059609587496154025410714922429488039 1294438075858843308616188678690872304733503054890 422666067564220163831348174881376675167603314751 658707566735737209469058551139690947550420046699 665172229921708730094404633306319145458853211162 132200104430183395794878544191210895601306410398 1325531246602636577537052250935770122334548607154 631480344251778045057474599587402568566816787662 119846520931748454574736478675458924641349638704 804993069839492678177369012424494457008749742535 796041870738372452171938581934305687237960851810 1392503904403875185685927678540285521496984606964 951383641846557236613311412117106720745304309636 1029054527400649628833997827208507237498976038549 1156923204635597778758546624136360676681336663802 1453597403400291632055809798446141065197649839724 469295670995402885905726554751843798311272214860 330735322111833344099319425988146407114886776023 405806081692813254040262260537849290355664318152 821735345017790156519084859987823331280210818392 965470738143838188462803430618154911750009678843 564161480529600450925952579781501261718576827998 75938399537560669193213499083348438843154390425 256585784776544860927865061783876774224588546760 888059731701685425250512428891182085817024401485 81920272232745356136167486260728704834129734492 271983791315977449250655451860596706708357014575 1130985733953890854170096027479059287309013015298 1093172032578201454286887997169259127236266050578 121988749472240292141365444550887127471706602352 976321325936890143769294783733031843007837941853 581393547076285412673503485212214432661912423104 37168408374373340059267717146354787407142105758 

Calculating lagrangian!
1: 1424333228956529578144417115569928232248790437171 880108090254617505530181347504068586994020119825 485180311394012774434390048983251176648094601076 1339512887858662626062319388165395892184225940577 368329604752701463916796835547023892419666492351 330515903377012064033588805237223732346919527631 1189517846014925468953029380855686312947575528354 1379581365098157562067517346455554314821802808437 573441905629217492953172403825100933838908141444 1204915852554358057275819770932406245431343996169 1385563237793342249010471333632934580812778152504 897340156801302467277732252934781757937355714931 496030899187064729740881402098128107905922864086 639766292313112761684599972728459688375721724537 1055695555638089664163422572178433729300268224777 1130766315219069574104365406728136612541045766906 992205966335500032297958277964439221344660328069 7904233930611286147875034270141954458282703205 304578432695305139445138208579922342974595879127 432447109930253289369687005507775782156956504380 510117995484345681590373420599176298910628233293 68997732927027732517757154175997498158947935965 665459766592530466031746250781977332417971691119 656508567491410240026315820291788562647182800394 1341655116399154463628948354040824095014582904225 830021293079124873146210233128880451089115755267 135970390728266340666632581780512897321383935775 1329301532900719522408806288525072124054626132531 796329407409194188109280199409963874197079331767 802794070595165708734626281576592072105512496230 1038835569766682754372336657834906344488329228178 167063561472059609587496154025410714922429488039 1294438075858843308616188678690872304733503054890 422666067564220163831348174881376675167603314751 658707566735737209469058551139690947550420046699 665172229921708730094404633306319145458853211162 132200104430183395794878544191210895601306410398 1325531246602636577537052250935770122334548607154 631480344251778045057474599587402568566816787662 119846520931748454574736478675458924641349638704 804993069839492678177369012424494457008749742535 796041870738372452171938581934305687237960851810 1392503904403875185685927678540285521496984606964 951383641846557236613311412117106720745304309636 1029054527400649628833997827208507237498976038549 1156923204635597778758546624136360676681336663802 1453597403400291632055809798446141065197649839724 469295670995402885905726554751843798311272214860 330735322111833344099319425988146407114886776023 405806081692813254040262260537849290355664318152 821735345017790156519084859987823331280210818392 965470738143838188462803430618154911750009678843 564161480529600450925952579781501261718576827998 75938399537560669193213499083348438843154390425 256585784776544860927865061783876774224588546760 888059731701685425250512428891182085817024401485 81920272232745356136167486260728704834129734492 271983791315977449250655451860596706708357014575 1130985733953890854170096027479059287309013015298 1093172032578201454286887997169259127236266050578 121988749472240292141365444550887127471706602352 976321325936890143769294783733031843007837941853 581393547076285412673503485212214432661912423104 37168408374373340059267717146354787407142105758 

2: 1424333228956529578144417115569928232248790437171 880108090254617505530181347504068586994020119825 485180311394012774434390048983251176648094601076 1339512887858662626062319388165395892184225940577 368329604752701463916796835547023892419666492351 330515903377012064033588805237223732346919527631 1189517846014925468953029380855686312947575528354 1379581365098157562067517346455554314821802808437 573441905629217492953172403825100933838908141444 1204915852554358057275819770932406245431343996169 1385563237793342249010471333632934580812778152504 897340156801302467277732252934781757937355714931 496030899187064729740881402098128107905922864086 639766292313112761684599972728459688375721724537 1055695555638089664163422572178433729300268224777 1130766315219069574104365406728136612541045766906 992205966335500032297958277964439221344660328069 7904233930611286147875034270141954458282703205 304578432695305139445138208579922342974595879127 432447109930253289369687005507775782156956504380 510117995484345681590373420599176298910628233293 68997732927027732517757154175997498158947935965 665459766592530466031746250781977332417971691119 656508567491410240026315820291788562647182800394 1341655116399154463628948354040824095014582904225 830021293079124873146210233128880451089115755267 135970390728266340666632581780512897321383935775 1329301532900719522408806288525072124054626132531 796329407409194188109280199409963874197079331767 802794070595165708734626281576592072105512496230 1038835569766682754372336657834906344488329228178 167063561472059609587496154025410714922429488039 1294438075858843308616188678690872304733503054890 422666067564220163831348174881376675167603314751 658707566735737209469058551139690947550420046699 665172229921708730094404633306319145458853211162 132200104430183395794878544191210895601306410398 1325531246602636577537052250935770122334548607154 631480344251778045057474599587402568566816787662 119846520931748454574736478675458924641349638704 804993069839492678177369012424494457008749742535 796041870738372452171938581934305687237960851810 1392503904403875185685927678540285521496984606964 951383641846557236613311412117106720745304309636 1029054527400649628833997827208507237498976038549 1156923204635597778758546624136360676681336663802 1453597403400291632055809798446141065197649839724 469295670995402885905726554751843798311272214860 330735322111833344099319425988146407114886776023 405806081692813254040262260537849290355664318152 821735345017790156519084859987823331280210818392 965470738143838188462803430618154911750009678843 564161480529600450925952579781501261718576827998 75938399537560669193213499083348438843154390425 256585784776544860927865061783876774224588546760 888059731701685425250512428891182085817024401485 81920272232745356136167486260728704834129734492 271983791315977449250655451860596706708357014575 1130985733953890854170096027479059287309013015298 1093172032578201454286887997169259127236266050578 121988749472240292141365444550887127471706602352 976321325936890143769294783733031843007837941853 581393547076285412673503485212214432661912423104 37168408374373340059267717146354787407142105758 