7740900159352629778
2400555457761352557
4905804447605513692
2436180660104306156
8514869347837376243
6521451338729011006
2144058808397791390
567523201726368633
1863616610696722805
1079576205303648540
2718392433754561228
6354285403746007249
857345127967684481
6537914240835297997
8387140030338983743
5526577059159370629
3011548323522989397
6710733083742470758
1850442431178004537
1527188397647184410
8346665753365974994
2051374003010318412
7016207353897399116
150839715862857548
9048051548328164809
1666373234135099457
5361082040052669005
3759004363279402104
2850155757595116585
3920717618497013850
360925500172843758
4371615537565402199
208278405379795312
7421066751494841811
1305331160031652917
3222521826255965166
6430726289277496836
189500169117859906
1573177028877136887
8012630001663611100
5455247853482778821
6644848284582381967
6759394577277180534
8414006716616875353
6304366152550492732
2681570174844624601
220244853420872079
1447523270767976049
1232562382652137315
1455668213972322012
4403246981317232786
8644003403030433712
5546235375160610695
1418048064346762024
5833697586859067991
3134806786206417849
4929961435972329180
1896545147800826297
7290136888914316465
3253537889946798381
4947856807542311041
6584132448152519581
1363130644086281497
2319012610053228169
623860312871337375
5346611771951087328
2275842361213037849
7089517180455761473
6254151123542043255
2857964123631078206
8104689364596289959
8936975643617064416
8185966882733870493
5693659451506713085
6304757107706040028
4137919973815975130
4226094313025040986
442641089958513418
3219194554201208949
1667300398602911309
7646489820893859024
1379801227309527352
9170570878671318828
2525552149167710501
8254256178002328866
3064402468010942643
8887235579655551325
4096160894022316945
6005740800459565198
4731873455147885793
4815034245227589397
4816882289929839046
1289879851911759200
8376418837146841495
7930601655851734618
3039148452836525036
7935084595455900732
4206356314836431303
189282369637119165
8698747268351916454
8781595265842446933
4256716921919666230
2700406288943494625
630081927097038549
2525650458063323370
5959622950142307703
1548792898526626365
7903773611665746162
1893003686241361305
1527075481663820134
96098326090607318
2718265151776013230
3848690185260588928
4561614956553442926
8776692277102422999
4806944932363806700
2706143056720528854
8671940818571822155
952399141575704083
3296211833283062034
8856195474133203566
7359182226339246089
8733583801634334301
7010900450669286244
8777455960680381437
3301609705010879172
5666720111580861956
1163643750440747545
8468346388675097304
4047422547284156179
8969277781871234724
945159016074467647
1096485094575208703
3103717498706023586
9153699235647353347
749042730459361851
9035008054295750045
5333221977353876665
5524898471192917515
9120253845716303128
8816032461912590890
7048117052495616730
7256067985443579245
8735147710811288106
876425240787535133
4322894793877576695
1816207925091048294
3862845377528068826
1302712857024958587
8217267874658098027
