234267 1
234267 2
234267 3
234267 4
234267 5
234267 6
234267 7
234267 8
234267 9
234267 10
234267 11
234267 12
234267 13
240015 14
240015 15
755732 16
755732 17
755732 18
755732 19
755732 20
755732 21
1193806 22
1193806 23
1193806 24
1193806 25
1193806 26
1193806 27
1193806 28
755178 29
755178 30
755178 31
755178 32
755178 33
755178 34
1100841 35
1100841 36
1100841 37
1100841 38
1100841 39
1100841 40
1100841 41
1274814 42
1274814 43
1274814 44
229193 45
229193 46
229193 47
229193 48
229193 49
229193 50
395491 51
395491 52
395491 53
395491 54
395491 55
395491 56
395491 57
481448 58
481448 59
481448 60
481448 61
481448 62
481448 63
